"Start";"Duration";"Pitch"
0.0;0.75;72
0.75;0.25;73
1.0;1.0;74
2.0;0.5;67
2.5;0.5;69
3.0;0.5;70
3.5;0.5;72
4.0;0.5;74
4.5;0.5;76
5.0;0.5;72
5.5;0.5;69
6.0;1.5;72
7.5;0.5;81
8.0;0.5;79
8.5;0.5;77
9.0;1.5;76
10.5;0.5;84
11.0;1.5;74
12.5;0.5;82
13.0;3.0;72
