"Start";"Duration";"Pitch"
0.0;1.0;79
1.0;1.0;78
2.0;1.0;79
3.0;1.0;78
4.0;1.0;76
5.0;1.0;79
6.0;0.5;84
7.0;1.5;84
8.5;0.5;83
9.0;3.0;81
12.0;1.0;78
13.0;1.0;76
14.0;1.0;78
15.0;1.0;76
16.0;1.5;74
17.5;0.5;71
18.0;2.25;74
20.25;0.25;75
20.5;0.25;76
20.75;0.25;78
21.0;1.0;79
