"Start";"Duration";"Pitch"
0.0;0.0625;57
0.08229166666666667;0.062499999999999986;58
0.16770833333333332;0.0625;60
0.25;0.25;62
0.5;0.5;62
1.0;0.75;64
1.75;0.25;60
2.0;1.0;62
3.0;0.0625;57
3.0822916666666664;0.0625;58
3.167708333333333;0.0625;60
3.25;0.25;62
3.5;0.5;62
4.0;0.75;64
4.75;0.25;60
5.0;1.0;62
6.0;0.5;62
6.5;0.5;62
7.0;2.5;69
9.5;0.25;70
9.75;0.25;72
10.0;0.25;70
10.25;0.25;69
10.5;0.25;67
10.75;0.25;65
11.0;0.25;64
11.25;0.25;65
11.5;0.25;67
11.75;0.25;68
